Chalet Les Méandres (ex Tupilak),Gîte Michel Fagot,25
Chalet Les Méandres (ex Tupilak),Refuge du Fioux,185
Chalet Les Méandres (ex Tupilak),Auberge du Truc,380
Chalet Les Méandres (ex Tupilak),Gîte les Mélèzes,475
Chalet Les Méandres (ex Tupilak),La Ferme à Piron,475
Chalet Les Méandres (ex Tupilak),Gîte le Pontet,495
Chalet Les Méandres (ex Tupilak),Refuge de Nant Borrant,560
Chalet Les Méandres (ex Tupilak),Refuge de la Balme,635
Chalet Les Méandres (ex Tupilak),Refuge des Prés,660
Chalet Les Méandres (ex Tupilak),Auberge la Boërne,720
Chalet Les Méandres (ex Tupilak),Gîte Le Moulin,740
Gîte Michel Fagot,Refuge du Fioux,160
Gîte Michel Fagot,Auberge du Truc,355
Gîte Michel Fagot,Gîte les Mélèzes,450
Gîte Michel Fagot,La Ferme à Piron,450
Gîte Michel Fagot,Gîte le Pontet,470
Gîte Michel Fagot,Refuge de Nant Borrant,535
Gîte Michel Fagot,Refuge de la Balme,610
Gîte Michel Fagot,Refuge des Prés,635
Gîte Michel Fagot,Chalet Les Méandres (ex Tupilak),25
Gîte Michel Fagot,Auberge la Boërne,745
Gîte Michel Fagot,Gîte Le Moulin,765
Refuge du Fioux,Auberge du Truc,190
Refuge du Fioux,La Ferme à Piron,285
Refuge du Fioux,Gîte les Mélèzes,285
Refuge du Fioux,Gîte le Pontet,305
Refuge du Fioux,Refuge de Nant Borrant,370
Refuge du Fioux,Refuge de la Balme,445
Refuge du Fioux,Refuge des Prés,470
Refuge du Fioux,Auberge-Refuge de la Nova,755
Refuge du Fioux,Gîte Michel Fagot,135
Refuge du Fioux,Chalet Les Méandres (ex Tupilak),160
Auberge du Truc,Gîte les Mélèzes,95
Auberge du Truc,La Ferme à Piron,95
Auberge du Truc,Gîte le Pontet,115
Auberge du Truc,Refuge de Nant Borrant,180
Auberge du Truc,Refuge de la Balme,255
Auberge du Truc,Refuge des Prés,280
Auberge du Truc,Les Chambres du Soleil,565
Auberge du Truc,Auberge-Refuge de la Nova,565
Auberge du Truc,Refuge des Mottets,670
Auberge du Truc,Refuge du Fioux,170
Auberge du Truc,Gîte Michel Fagot,295
Auberge du Truc,Chalet Les Méandres (ex Tupilak),320
La Ferme à Piron,Gîte le Pontet,30
La Ferme à Piron,Refuge de Nant Borrant,95
La Ferme à Piron,Refuge de la Balme,170
La Ferme à Piron,Refuge des Prés,195
La Ferme à Piron,Les Chambres du Soleil,480
La Ferme à Piron,Auberge-Refuge de la Nova,480
La Ferme à Piron,Refuge des Mottets,585
La Ferme à Piron,Auberge du Truc,130
La Ferme à Piron,Refuge du Fioux,300
La Ferme à Piron,Gîte Michel Fagot,425
La Ferme à Piron,Chalet Les Méandres (ex Tupilak),450
Gîte les Mélèzes,Gîte le Pontet,30
Gîte les Mélèzes,Refuge de Nant Borrant,95
Gîte les Mélèzes,Refuge de la Balme,170
Gîte les Mélèzes,Refuge des Prés,195
Gîte les Mélèzes,Les Chambres du Soleil,480
Gîte les Mélèzes,Auberge-Refuge de la Nova,480
Gîte les Mélèzes,Refuge des Mottets,585
Gîte les Mélèzes,Auberge du Truc,130
Gîte les Mélèzes,Refuge du Fioux,300
Gîte les Mélèzes,Gîte Michel Fagot,425
Gîte les Mélèzes,Chalet Les Méandres (ex Tupilak),450
Gîte le Pontet,Refuge de Nant Borrant,65
Gîte le Pontet,Refuge de la Balme,140
Gîte le Pontet,Refuge des Prés,165
Gîte le Pontet,Les Chambres du Soleil,450
Gîte le Pontet,Auberge-Refuge de la Nova,450
Gîte le Pontet,Refuge des Mottets,555
Gîte le Pontet,Gîte les Mélèzes,30
Gîte le Pontet,La Ferme à Piron,30
Gîte le Pontet,Auberge du Truc,150
Gîte le Pontet,Refuge du Fioux,310
Gîte le Pontet,Gîte Michel Fagot,510
Gîte le Pontet,Chalet Les Méandres (ex Tupilak),535
Refuge de Nant Borrant,Refuge de la Balme,75
Refuge de Nant Borrant,Refuge des Prés,100
Refuge de Nant Borrant,Les Chambres du Soleil,385
Refuge de Nant Borrant,Auberge-Refuge de la Nova,385
Refuge de Nant Borrant,Refuge des Mottets,490
Refuge de Nant Borrant,Cabane du Combal,810
Refuge de Nant Borrant,Gîte le Pontet,55
Refuge de Nant Borrant,La Ferme à Piron,85
Refuge de Nant Borrant,Gîte les Mélèzes,85
Refuge de Nant Borrant,Auberge du Truc,205
Refuge de Nant Borrant,Refuge du Fioux,365
Refuge de Nant Borrant,Gîte Michel Fagot,565
Refuge de Nant Borrant,Chalet Les Méandres (ex Tupilak),590
Refuge des Prés,Refuge de la Balme,45
Refuge des Prés,Les Chambres du Soleil,355
Refuge des Prés,Auberge-Refuge de la Nova,355
Refuge des Prés,Refuge des Mottets,460
Refuge des Prés,Cabane du Combal,755
Refuge des Prés,Refuge de Nant Borrant,70
Refuge des Prés,Gîte le Pontet,180
Refuge des Prés,Gîte les Mélèzes,210
Refuge des Prés,La Ferme à Piron,210
Refuge des Prés,Auberge du Truc,295
Refuge des Prés,Refuge du Fioux,455
Refuge des Prés,Gîte Michel Fagot,655
Refuge des Prés,Chalet Les Méandres (ex Tupilak),680
Refuge de la Balme,Les Chambres du Soleil,310
Refuge de la Balme,Auberge-Refuge de la Nova,310
Refuge de la Balme,Refuge des Mottets,415
Refuge de la Balme,Cabane du Combal,710
Refuge de la Balme,Refuge des Prés,55
Refuge de la Balme,Refuge de Nant Borrant,55
Refuge de la Balme,Gîte le Pontet,110
Refuge de la Balme,La Ferme à Piron,140
Refuge de la Balme,Gîte les Mélèzes,140
Refuge de la Balme,Auberge du Truc,225
Refuge de la Balme,Refuge du Fioux,385
Refuge de la Balme,Gîte Michel Fagot,585
Refuge de la Balme,Chalet Les Méandres (ex Tupilak),610
Auberge-Refuge de la Nova,Les Chambres du Soleil,5
Auberge-Refuge de la Nova,Refuge des Mottets,105
Auberge-Refuge de la Nova,Cabane du Combal,325
Auberge-Refuge de la Nova,Rifugio Maison Vieille,445
Auberge-Refuge de la Nova,Gite le Randonneur du Mont Blanc,460
Auberge-Refuge de la Nova,Rifugio Monte Bianco CAI Uget,520
Auberge-Refuge de la Nova,Hotel Funivia,555
Auberge-Refuge de la Nova,Rifugio G. Bertone,740
Auberge-Refuge de la Nova,Refuge de la Balme,305
Auberge-Refuge de la Nova,Refuge des Prés,360
Auberge-Refuge de la Nova,Refuge de Nant Borrant,360
Auberge-Refuge de la Nova,Gîte le Pontet,415
Auberge-Refuge de la Nova,Gîte les Mélèzes,445
Auberge-Refuge de la Nova,La Ferme à Piron,445
Auberge-Refuge de la Nova,Auberge du Truc,530
Auberge-Refuge de la Nova,Refuge du Fioux,690
Les Chambres du Soleil,Refuge des Mottets,105
Les Chambres du Soleil,Cabane du Combal,325
Les Chambres du Soleil,Rifugio Maison Vieille,445
Les Chambres du Soleil,Gite le Randonneur du Mont Blanc,460
Les Chambres du Soleil,Rifugio Monte Bianco CAI Uget,520
Les Chambres du Soleil,Hotel Funivia,555
Les Chambres du Soleil,Rifugio G. Bertone,740
Les Chambres du Soleil,Auberge-Refuge de la Nova,5
Les Chambres du Soleil,Refuge de la Balme,305
Les Chambres du Soleil,Refuge de Nant Borrant,360
Les Chambres du Soleil,Refuge des Prés,360
Les Chambres du Soleil,Gîte le Pontet,415
Les Chambres du Soleil,Gîte les Mélèzes,445
Les Chambres du Soleil,La Ferme à Piron,445
Les Chambres du Soleil,Auberge du Truc,530
Les Chambres du Soleil,Refuge du Fioux,690
Refuge des Mottets,Cabane du Combal,220
Refuge des Mottets,Rifugio Maison Vieille,340
Refuge des Mottets,Gite le Randonneur du Mont Blanc,355
Refuge des Mottets,Rifugio Monte Bianco CAI Uget,415
Refuge des Mottets,Hotel Funivia,450
Refuge des Mottets,Rifugio G. Bertone,635
Refuge des Mottets,Les Chambres du Soleil,80
Refuge des Mottets,Auberge-Refuge de la Nova,80
Refuge des Mottets,Refuge de la Balme,385
Refuge des Mottets,Refuge des Prés,440
Refuge des Mottets,Refuge de Nant Borrant,440
Refuge des Mottets,Gîte le Pontet,495
Refuge des Mottets,Gîte les Mélèzes,525
Refuge des Mottets,La Ferme à Piron,525
Refuge des Mottets,Auberge du Truc,610
Refuge des Mottets,Refuge du Fioux,770
Gîte Mermoud,Auberge la Boërne,65
Gîte Mermoud,Gîte Le Moulin,85
Gîte Mermoud,Gîte d'Alpage Les Ecuries de Charamillon,185
Gîte Mermoud,Chalet Les Méandres (ex Tupilak),705
Gîte Mermoud,Gîte Michel Fagot,730
Gîte Mermoud,Refuge Le Peuty,310
Gîte Mermoud,La Grande Ourse,325
Gîte Mermoud,Auberge Mont-Blanc,325
Gîte Mermoud,Hôtel du Col de la Forclaz,350
Gîte Mermoud,Chalet La Grange,555
Gîte Mermoud,Auberge Gîte Bon Abri,555
Gîte Mermoud,Pension en Plein Air,595
Gîte Mermoud,Relais d'Arpette,620
Gîte Mermoud,Auberge des Glaciers,830
Gîte Mermoud,Hôtel Edelweiss,830
Gîte Mermoud,Chalet 'Le Dolent',835
Gîte Mermoud,Maya-Joie,835
Gîte d'Alpage Les Ecuries de Charamillon,Gîte Le Moulin,70
Gîte d'Alpage Les Ecuries de Charamillon,Auberge la Boërne,80
Gîte d'Alpage Les Ecuries de Charamillon,Chalet Les Méandres (ex Tupilak),735
Gîte d'Alpage Les Ecuries de Charamillon,Gîte Michel Fagot,760
Gîte d'Alpage Les Ecuries de Charamillon,Gîte Mermoud,145
Gîte d'Alpage Les Ecuries de Charamillon,Refuge Le Peuty,150
Gîte d'Alpage Les Ecuries de Charamillon,La Grande Ourse,165
Gîte d'Alpage Les Ecuries de Charamillon,Auberge Mont-Blanc,165
Gîte d'Alpage Les Ecuries de Charamillon,Hôtel du Col de la Forclaz,190
Gîte d'Alpage Les Ecuries de Charamillon,Auberge Gîte Bon Abri,395
Gîte d'Alpage Les Ecuries de Charamillon,Chalet La Grange,395
Gîte d'Alpage Les Ecuries de Charamillon,Pension en Plein Air,435
Gîte d'Alpage Les Ecuries de Charamillon,Relais d'Arpette,460
Gîte d'Alpage Les Ecuries de Charamillon,Gîte de La Fouly,670
Gîte d'Alpage Les Ecuries de Charamillon,Auberge des Glaciers,670
Gîte d'Alpage Les Ecuries de Charamillon,Hôtel Edelweiss,670
Gîte d'Alpage Les Ecuries de Charamillon,Maya-Joie,675
Gîte d'Alpage Les Ecuries de Charamillon,Chalet 'Le Dolent',675
Gîte d'Alpage Les Ecuries de Charamillon,Gîte La Léchère,700
Gîte d'Alpage Les Ecuries de Charamillon,Hotel du Col de Fenêtre,715
Gîte d'Alpage Les Ecuries de Charamillon,Gîte Alpage de La Peule,805
Gîte Le Moulin,Chalet Les Méandres (ex Tupilak),675
Gîte Le Moulin,Gîte Michel Fagot,700
Gîte Le Moulin,Auberge la Boërne,20
Gîte Le Moulin,Gîte Mermoud,85
Gîte Le Moulin,Gîte d'Alpage Les Ecuries de Charamillon,110
Gîte Le Moulin,Refuge Le Peuty,260
Gîte Le Moulin,La Grande Ourse,275
Gîte Le Moulin,Auberge Mont-Blanc,275
Gîte Le Moulin,Hôtel du Col de la Forclaz,300
Gîte Le Moulin,Chalet La Grange,505
Gîte Le Moulin,Auberge Gîte Bon Abri,505
Gîte Le Moulin,Pension en Plein Air,545
Gîte Le Moulin,Relais d'Arpette,570
Gîte Le Moulin,Hôtel Edelweiss,780
Gîte Le Moulin,Auberge des Glaciers,780
Gîte Le Moulin,Chalet 'Le Dolent',785
Gîte Le Moulin,Maya-Joie,785
Auberge la Boërne,Gîte Le Moulin,20
Auberge la Boërne,Chalet Les Méandres (ex Tupilak),655
Auberge la Boërne,Gîte Michel Fagot,680
Auberge la Boërne,Gîte Mermoud,65
Auberge la Boërne,Gîte d'Alpage Les Ecuries de Charamillon,120
Auberge la Boërne,Refuge Le Peuty,270
Auberge la Boërne,La Grande Ourse,285
Auberge la Boërne,Auberge Mont-Blanc,285
Auberge la Boërne,Hôtel du Col de la Forclaz,310
Auberge la Boërne,Chalet La Grange,515
Auberge la Boërne,Auberge Gîte Bon Abri,515
Auberge la Boërne,Pension en Plein Air,555
Auberge la Boërne,Relais d'Arpette,580
Auberge la Boërne,Hôtel Edelweiss,790
Auberge la Boërne,Auberge des Glaciers,790
Auberge la Boërne,Chalet 'Le Dolent',795
Auberge la Boërne,Maya-Joie,795
Cabane du Combal,Rifugio Maison Vieille,145
Cabane du Combal,Gite le Randonneur du Mont Blanc,155
Cabane du Combal,Rifugio Monte Bianco CAI Uget,175
Cabane du Combal,Hotel Funivia,250
Cabane du Combal,Rifugio G. Bertone,360
Cabane du Combal,Hôtel Lavachey,580
Cabane du Combal,Hotel Chalet Val Ferret,585
Cabane du Combal,Gîte Alpage de La Peule,770
Cabane du Combal,Hotel du Col de Fenêtre,835
Cabane du Combal,Gîte La Léchère,855
Cabane du Combal,Maya-Joie,870
Cabane du Combal,Chalet 'Le Dolent',870
Cabane du Combal,Gîte de La Fouly,875
Cabane du Combal,Auberge des Glaciers,875
Cabane du Combal,Hôtel Edelweiss,875
Cabane du Combal,Refuge des Mottets,210
Cabane du Combal,Auberge-Refuge de la Nova,290
Cabane du Combal,Les Chambres du Soleil,290
Cabane du Combal,Refuge de la Balme,595
Cabane du Combal,Refuge de Nant Borrant,650
Cabane du Combal,Refuge des Prés,650
Cabane du Combal,Gîte le Pontet,705
Cabane du Combal,Gîte les Mélèzes,735
Cabane du Combal,La Ferme à Piron,735
Cabane du Combal,Auberge du Truc,820
Rifugio Maison Vieille,Gite le Randonneur du Mont Blanc,15
Rifugio Maison Vieille,Rifugio Monte Bianco CAI Uget,50
Rifugio Maison Vieille,Hotel Funivia,110
Rifugio Maison Vieille,Rifugio G. Bertone,190
Rifugio Maison Vieille,Hôtel Lavachey,385
Rifugio Maison Vieille,Hotel Chalet Val Ferret,440
Rifugio Maison Vieille,Gîte Alpage de La Peule,605
Rifugio Maison Vieille,Hotel du Col de Fenêtre,670
Rifugio Maison Vieille,Gîte La Léchère,690
Rifugio Maison Vieille,Maya-Joie,705
Rifugio Maison Vieille,Chalet 'Le Dolent',705
Rifugio Maison Vieille,Gîte de La Fouly,710
Rifugio Maison Vieille,Auberge des Glaciers,710
Rifugio Maison Vieille,Hôtel Edelweiss,710
Rifugio Maison Vieille,Cabane du Combal,130
Rifugio Maison Vieille,Refuge des Mottets,320
Rifugio Maison Vieille,Les Chambres du Soleil,400
Rifugio Maison Vieille,Auberge-Refuge de la Nova,400
Rifugio Maison Vieille,Refuge de la Balme,705
Rifugio Maison Vieille,Refuge de Nant Borrant,760
Rifugio Maison Vieille,Refuge des Prés,760
Gite le Randonneur du Mont Blanc,Rifugio Monte Bianco CAI Uget,60
Gite le Randonneur du Mont Blanc,Hotel Funivia,95
Gite le Randonneur du Mont Blanc,Rifugio G. Bertone,175
Gite le Randonneur du Mont Blanc,Hôtel Lavachey,370
Gite le Randonneur du Mont Blanc,Hotel Chalet Val Ferret,430
Gite le Randonneur du Mont Blanc,Gîte Alpage de La Peule,590
Gite le Randonneur du Mont Blanc,Hotel du Col de Fenêtre,655
Gite le Randonneur du Mont Blanc,Gîte La Léchère,675
Gite le Randonneur du Mont Blanc,Maya-Joie,690
Gite le Randonneur du Mont Blanc,Chalet 'Le Dolent',690
Gite le Randonneur du Mont Blanc,Gîte de La Fouly,695
Gite le Randonneur du Mont Blanc,Auberge des Glaciers,695
Gite le Randonneur du Mont Blanc,Hôtel Edelweiss,695
Gite le Randonneur du Mont Blanc,Rifugio Maison Vieille,10
Gite le Randonneur du Mont Blanc,Cabane du Combal,145
Gite le Randonneur du Mont Blanc,Refuge des Mottets,330
Gite le Randonneur du Mont Blanc,Les Chambres du Soleil,410
Gite le Randonneur du Mont Blanc,Auberge-Refuge de la Nova,410
Gite le Randonneur du Mont Blanc,Refuge de la Balme,715
Gite le Randonneur du Mont Blanc,Refuge de Nant Borrant,770
Gite le Randonneur du Mont Blanc,Refuge des Prés,770
Rifugio Monte Bianco CAI Uget,Hotel Funivia,140
Rifugio Monte Bianco CAI Uget,Rifugio G. Bertone,220
Rifugio Monte Bianco CAI Uget,Hôtel Lavachey,415
Rifugio Monte Bianco CAI Uget,Hotel Chalet Val Ferret,490
Rifugio Monte Bianco CAI Uget,Gîte Alpage de La Peule,635
Rifugio Monte Bianco CAI Uget,Hotel du Col de Fenêtre,700
Rifugio Monte Bianco CAI Uget,Gîte La Léchère,720
Rifugio Monte Bianco CAI Uget,Maya-Joie,735
Rifugio Monte Bianco CAI Uget,Chalet 'Le Dolent',735
Rifugio Monte Bianco CAI Uget,Gîte de La Fouly,740
Rifugio Monte Bianco CAI Uget,Auberge des Glaciers,740
Rifugio Monte Bianco CAI Uget,Hôtel Edelweiss,740
Rifugio Monte Bianco CAI Uget,Rifugio Maison Vieille,30
Rifugio Monte Bianco CAI Uget,Gite le Randonneur du Mont Blanc,45
Rifugio Monte Bianco CAI Uget,Cabane du Combal,180
Rifugio Monte Bianco CAI Uget,Refuge des Mottets,350
Rifugio Monte Bianco CAI Uget,Les Chambres du Soleil,430
Rifugio Monte Bianco CAI Uget,Auberge-Refuge de la Nova,430
Rifugio Monte Bianco CAI Uget,Refuge de la Balme,735
Rifugio Monte Bianco CAI Uget,Refuge de Nant Borrant,790
Rifugio Monte Bianco CAI Uget,Refuge des Prés,790
Rifugio G. Bertone,Hôtel Lavachey,195
Rifugio G. Bertone,Hotel Chalet Val Ferret,225
Rifugio G. Bertone,Gîte Alpage de La Peule,415
Rifugio G. Bertone,Hotel du Col de Fenêtre,480
Rifugio G. Bertone,Gîte La Léchère,500
Rifugio G. Bertone,Maya-Joie,515
Rifugio G. Bertone,Chalet 'Le Dolent',515
Rifugio G. Bertone,Gîte de La Fouly,520
Rifugio G. Bertone,Hôtel Edelweiss,520
Rifugio G. Bertone,Auberge des Glaciers,520
Rifugio G. Bertone,Pension en Plein Air,755
Rifugio G. Bertone,Chalet La Grange,770
Rifugio G. Bertone,Auberge Gîte Bon Abri,770
Rifugio G. Bertone,Relais d'Arpette,800
Rifugio G. Bertone,Hotel Funivia,120
Rifugio G. Bertone,Gite le Randonneur du Mont Blanc,205
Rifugio G. Bertone,Rifugio Maison Vieille,215
Rifugio G. Bertone,Rifugio Monte Bianco CAI Uget,265
Rifugio G. Bertone,Cabane du Combal,320
Rifugio G. Bertone,Refuge des Mottets,535
Rifugio G. Bertone,Les Chambres du Soleil,615
Rifugio G. Bertone,Auberge-Refuge de la Nova,615
Hotel Funivia,Rifugio G. Bertone,80
Hotel Funivia,Hôtel Lavachey,275
Hotel Funivia,Hotel Chalet Val Ferret,355
Hotel Funivia,Gîte Alpage de La Peule,495
Hotel Funivia,Hotel du Col de Fenêtre,560
Hotel Funivia,Gîte La Léchère,580
Hotel Funivia,Maya-Joie,595
Hotel Funivia,Chalet 'Le Dolent',595
Hotel Funivia,Gîte de La Fouly,600
Hotel Funivia,Hôtel Edelweiss,600
Hotel Funivia,Auberge des Glaciers,600
Hotel Funivia,Pension en Plein Air,835
Hotel Funivia,Auberge Gîte Bon Abri,850
Hotel Funivia,Chalet La Grange,850
Hotel Funivia,Gite le Randonneur du Mont Blanc,85
Hotel Funivia,Rifugio Maison Vieille,95
Hotel Funivia,Rifugio Monte Bianco CAI Uget,145
Hotel Funivia,Cabane du Combal,250
Hotel Funivia,Refuge des Mottets,415
Hotel Funivia,Les Chambres du Soleil,495
Hotel Funivia,Auberge-Refuge de la Nova,495
Hotel Funivia,Refuge de la Balme,800
Hotel Funivia,Refuge des Prés,855
Hôtel Lavachey,Hotel Chalet Val Ferret,150
Hôtel Lavachey,Gîte Alpage de La Peule,290
Hôtel Lavachey,Hotel du Col de Fenêtre,355
Hôtel Lavachey,Gîte La Léchère,375
Hôtel Lavachey,Chalet 'Le Dolent',390
Hôtel Lavachey,Maya-Joie,390
Hôtel Lavachey,Gîte de La Fouly,395
Hôtel Lavachey,Hôtel Edelweiss,395
Hôtel Lavachey,Auberge des Glaciers,395
Hôtel Lavachey,Pension en Plein Air,630
Hôtel Lavachey,Chalet La Grange,645
Hôtel Lavachey,Auberge Gîte Bon Abri,645
Hôtel Lavachey,Relais d'Arpette,675
Hôtel Lavachey,Rifugio G. Bertone,170
Hôtel Lavachey,Hotel Funivia,290
Hôtel Lavachey,Gite le Randonneur du Mont Blanc,385
Hôtel Lavachey,Rifugio Maison Vieille,395
Hôtel Lavachey,Rifugio Monte Bianco CAI Uget,445
Hôtel Lavachey,Cabane du Combal,560
Hôtel Lavachey,Refuge des Mottets,715
Hotel Chalet Val Ferret,Gîte Alpage de La Peule,185
Hotel Chalet Val Ferret,Hotel du Col de Fenêtre,250
Hotel Chalet Val Ferret,Gîte La Léchère,270
Hotel Chalet Val Ferret,Maya-Joie,285
Hotel Chalet Val Ferret,Chalet 'Le Dolent',285
Hotel Chalet Val Ferret,Gîte de La Fouly,290
Hotel Chalet Val Ferret,Auberge des Glaciers,290
Hotel Chalet Val Ferret,Hôtel Edelweiss,290
Hotel Chalet Val Ferret,Pension en Plein Air,525
Hotel Chalet Val Ferret,Auberge Gîte Bon Abri,540
Hotel Chalet Val Ferret,Chalet La Grange,540
Hotel Chalet Val Ferret,Relais d'Arpette,570
Hotel Chalet Val Ferret,Hôtel du Col de la Forclaz,790
Hotel Chalet Val Ferret,Refuge Le Peuty,820
Hotel Chalet Val Ferret,Hôtel Lavachey,140
Hotel Chalet Val Ferret,Rifugio G. Bertone,235
Hotel Chalet Val Ferret,Hotel Funivia,325
Hotel Chalet Val Ferret,Gite le Randonneur du Mont Blanc,410
Hotel Chalet Val Ferret,Rifugio Maison Vieille,425
Hotel Chalet Val Ferret,Rifugio Monte Bianco CAI Uget,515
Hotel Chalet Val Ferret,Cabane du Combal,555
Hotel Chalet Val Ferret,Refuge des Mottets,745
Gîte Alpage de La Peule,Hotel du Col de Fenêtre,65
Gîte Alpage de La Peule,Gîte La Léchère,85
Gîte Alpage de La Peule,Maya-Joie,100
Gîte Alpage de La Peule,Chalet 'Le Dolent',100
Gîte Alpage de La Peule,Gîte de La Fouly,105
Gîte Alpage de La Peule,Hôtel Edelweiss,105
Gîte Alpage de La Peule,Auberge des Glaciers,105
Gîte Alpage de La Peule,Pension en Plein Air,340
Gîte Alpage de La Peule,Auberge Gîte Bon Abri,355
Gîte Alpage de La Peule,Chalet La Grange,355
Gîte Alpage de La Peule,Relais d'Arpette,385
Gîte Alpage de La Peule,Hôtel du Col de la Forclaz,605
Gîte Alpage de La Peule,Refuge Le Peuty,635
Gîte Alpage de La Peule,Auberge Mont-Blanc,640
Gîte Alpage de La Peule,La Grande Ourse,640
Gîte Alpage de La Peule,Hotel Chalet Val Ferret,190
Gîte Alpage de La Peule,Hôtel Lavachey,350
Gîte Alpage de La Peule,Rifugio G. Bertone,420
Gîte Alpage de La Peule,Hotel Funivia,540
Gîte Alpage de La Peule,Gite le Randonneur du Mont Blanc,625
Gîte Alpage de La Peule,Rifugio Maison Vieille,635
Gîte Alpage de La Peule,Rifugio Monte Bianco CAI Uget,685
Gîte Alpage de La Peule,Cabane du Combal,745
Hotel du Col de Fenêtre,Maya-Joie,35
Hotel du Col de Fenêtre,Chalet 'Le Dolent',35
Hotel du Col de Fenêtre,Gîte de La Fouly,40
Hotel du Col de Fenêtre,Hôtel Edelweiss,40
Hotel du Col de Fenêtre,Auberge des Glaciers,40
Hotel du Col de Fenêtre,Pension en Plein Air,275
Hotel du Col de Fenêtre,Chalet La Grange,290
Hotel du Col de Fenêtre,Auberge Gîte Bon Abri,290
Hotel du Col de Fenêtre,Relais d'Arpette,320
Hotel du Col de Fenêtre,Hôtel du Col de la Forclaz,540
Hotel du Col de Fenêtre,Refuge Le Peuty,570
Hotel du Col de Fenêtre,Auberge Mont-Blanc,575
Hotel du Col de Fenêtre,La Grande Ourse,575
Hotel du Col de Fenêtre,Gîte La Léchère,20
Hotel du Col de Fenêtre,Gîte Alpage de La Peule,90
Hotel du Col de Fenêtre,Hotel Chalet Val Ferret,280
Hotel du Col de Fenêtre,Hôtel Lavachey,440
Hotel du Col de Fenêtre,Rifugio G. Bertone,510
Hotel du Col de Fenêtre,Hotel Funivia,630
Hotel du Col de Fenêtre,Gite le Randonneur du Mont Blanc,715
Hotel du Col de Fenêtre,Rifugio Maison Vieille,725
Hotel du Col de Fenêtre,Rifugio Monte Bianco CAI Uget,775
Gîte La Léchère,Hotel du Col de Fenêtre,20
Gîte La Léchère,Maya-Joie,25
Gîte La Léchère,Chalet 'Le Dolent',25
Gîte La Léchère,Gîte de La Fouly,30
Gîte La Léchère,Hôtel Edelweiss,30
Gîte La Léchère,Auberge des Glaciers,30
Gîte La Léchère,Pension en Plein Air,265
Gîte La Léchère,Auberge Gîte Bon Abri,280
Gîte La Léchère,Chalet La Grange,280
Gîte La Léchère,Relais d'Arpette,310
Gîte La Léchère,Hôtel du Col de la Forclaz,530
Gîte La Léchère,Refuge Le Peuty,560
Gîte La Léchère,Auberge Mont-Blanc,565
Gîte La Léchère,La Grande Ourse,565
Gîte La Léchère,Gîte Alpage de La Peule,110
Gîte La Léchère,Hotel Chalet Val Ferret,300
Gîte La Léchère,Hôtel Lavachey,460
Gîte La Léchère,Rifugio G. Bertone,530
Gîte La Léchère,Hotel Funivia,650
Gîte La Léchère,Gite le Randonneur du Mont Blanc,735
Gîte La Léchère,Rifugio Maison Vieille,745
Gîte La Léchère,Rifugio Monte Bianco CAI Uget,795
Gîte La Léchère,Cabane du Combal,855
Chalet 'Le Dolent',Maya-Joie,5
Chalet 'Le Dolent',Gîte de La Fouly,5
Chalet 'Le Dolent',Auberge des Glaciers,5
Chalet 'Le Dolent',Hôtel Edelweiss,5
Chalet 'Le Dolent',Pension en Plein Air,240
Chalet 'Le Dolent',Auberge Gîte Bon Abri,255
Chalet 'Le Dolent',Chalet La Grange,255
Chalet 'Le Dolent',Relais d'Arpette,285
Chalet 'Le Dolent',Hôtel du Col de la Forclaz,505
Chalet 'Le Dolent',Refuge Le Peuty,535
Chalet 'Le Dolent',Auberge Mont-Blanc,540
Chalet 'Le Dolent',La Grande Ourse,540
Chalet 'Le Dolent',Gîte La Léchère,25
Chalet 'Le Dolent',Hotel du Col de Fenêtre,40
Chalet 'Le Dolent',Gîte Alpage de La Peule,130
Chalet 'Le Dolent',Hotel Chalet Val Ferret,320
Chalet 'Le Dolent',Hôtel Lavachey,480
Chalet 'Le Dolent',Rifugio G. Bertone,550
Chalet 'Le Dolent',Hotel Funivia,690
Chalet 'Le Dolent',Gite le Randonneur du Mont Blanc,755
Chalet 'Le Dolent',Rifugio Maison Vieille,765
Chalet 'Le Dolent',Rifugio Monte Bianco CAI Uget,815
Maya-Joie,Gîte de La Fouly,5
Maya-Joie,Hôtel Edelweiss,5
Maya-Joie,Auberge des Glaciers,5
Maya-Joie,Pension en Plein Air,240
Maya-Joie,Chalet La Grange,255
Maya-Joie,Auberge Gîte Bon Abri,255
Maya-Joie,Relais d'Arpette,285
Maya-Joie,Hôtel du Col de la Forclaz,505
Maya-Joie,Refuge Le Peuty,535
Maya-Joie,Auberge Mont-Blanc,540
Maya-Joie,La Grande Ourse,540
Maya-Joie,Chalet 'Le Dolent',5
Maya-Joie,Gîte La Léchère,25
Maya-Joie,Hotel du Col de Fenêtre,40
Maya-Joie,Gîte Alpage de La Peule,130
Maya-Joie,Hotel Chalet Val Ferret,320
Maya-Joie,Hôtel Lavachey,480
Maya-Joie,Rifugio G. Bertone,550
Maya-Joie,Hotel Funivia,690
Maya-Joie,Gite le Randonneur du Mont Blanc,755
Maya-Joie,Rifugio Maison Vieille,765
Maya-Joie,Rifugio Monte Bianco CAI Uget,815
Auberge des Glaciers,Gîte de La Fouly,5
Auberge des Glaciers,Hôtel Edelweiss,5
Auberge des Glaciers,Pension en Plein Air,235
Auberge des Glaciers,Chalet La Grange,250
Auberge des Glaciers,Auberge Gîte Bon Abri,250
Auberge des Glaciers,Relais d'Arpette,280
Auberge des Glaciers,Hôtel du Col de la Forclaz,500
Auberge des Glaciers,Refuge Le Peuty,530
Auberge des Glaciers,Auberge Mont-Blanc,535
Auberge des Glaciers,La Grande Ourse,535
Auberge des Glaciers,Maya-Joie,5
Auberge des Glaciers,Chalet 'Le Dolent',5
Auberge des Glaciers,Gîte La Léchère,30
Auberge des Glaciers,Hotel du Col de Fenêtre,45
Auberge des Glaciers,Gîte Alpage de La Peule,135
Auberge des Glaciers,Hotel Chalet Val Ferret,325
Auberge des Glaciers,Hôtel Lavachey,485
Auberge des Glaciers,Rifugio G. Bertone,555
Auberge des Glaciers,Hotel Funivia,675
Auberge des Glaciers,Gite le Randonneur du Mont Blanc,760
Auberge des Glaciers,Rifugio Maison Vieille,770
Auberge des Glaciers,Rifugio Monte Bianco CAI Uget,820
Gîte de La Fouly,Hôtel Edelweiss,5
Gîte de La Fouly,Pension en Plein Air,235
Gîte de La Fouly,Chalet La Grange,250
Gîte de La Fouly,Auberge Gîte Bon Abri,250
Gîte de La Fouly,Relais d'Arpette,280
Gîte de La Fouly,Hôtel du Col de la Forclaz,500
Gîte de La Fouly,Refuge Le Peuty,530
Gîte de La Fouly,La Grande Ourse,535
Gîte de La Fouly,Auberge Mont-Blanc,535
Gîte de La Fouly,Chalet 'Le Dolent',5
Gîte de La Fouly,Maya-Joie,5
Gîte de La Fouly,Auberge des Glaciers,5
Gîte de La Fouly,Gîte La Léchère,30
Gîte de La Fouly,Hotel du Col de Fenêtre,45
Gîte de La Fouly,Gîte Alpage de La Peule,135
Gîte de La Fouly,Hotel Chalet Val Ferret,325
Gîte de La Fouly,Hôtel Lavachey,485
Gîte de La Fouly,Rifugio G. Bertone,555
Gîte de La Fouly,Hotel Funivia,675
Gîte de La Fouly,Gite le Randonneur du Mont Blanc,760
Gîte de La Fouly,Rifugio Maison Vieille,770
Gîte de La Fouly,Rifugio Monte Bianco CAI Uget,820
Hôtel Edelweiss,Pension en Plein Air,235
Hôtel Edelweiss,Chalet La Grange,250
Hôtel Edelweiss,Auberge Gîte Bon Abri,250
Hôtel Edelweiss,Relais d'Arpette,280
Hôtel Edelweiss,Hôtel du Col de la Forclaz,500
Hôtel Edelweiss,Refuge Le Peuty,530
Hôtel Edelweiss,La Grande Ourse,535
Hôtel Edelweiss,Auberge Mont-Blanc,535
Hôtel Edelweiss,Gîte Mermoud,810
Hôtel Edelweiss,Auberge des Glaciers,5
Hôtel Edelweiss,Maya-Joie,5
Hôtel Edelweiss,Gîte de La Fouly,5
Hôtel Edelweiss,Chalet 'Le Dolent',5
Hôtel Edelweiss,Gîte La Léchère,30
Hôtel Edelweiss,Hotel du Col de Fenêtre,45
Hôtel Edelweiss,Gîte Alpage de La Peule,135
Hôtel Edelweiss,Hotel Chalet Val Ferret,325
Hôtel Edelweiss,Hôtel Lavachey,485
Hôtel Edelweiss,Rifugio G. Bertone,555
Hôtel Edelweiss,Hotel Funivia,675
Hôtel Edelweiss,Gite le Randonneur du Mont Blanc,760
Hôtel Edelweiss,Rifugio Maison Vieille,770
Hôtel Edelweiss,Rifugio Monte Bianco CAI Uget,820
Pension en Plein Air,Chalet La Grange,15
Pension en Plein Air,Auberge Gîte Bon Abri,15
Pension en Plein Air,Relais d'Arpette,45
Pension en Plein Air,Hôtel du Col de la Forclaz,265
Pension en Plein Air,Refuge Le Peuty,295
Pension en Plein Air,Auberge Mont-Blanc,300
Pension en Plein Air,La Grande Ourse,300
Pension en Plein Air,Gîte d'Alpage Les Ecuries de Charamillon,480
Pension en Plein Air,Gîte Le Moulin,550
Pension en Plein Air,Auberge la Boërne,560
Pension en Plein Air,Gîte Mermoud,575
Pension en Plein Air,Gîte de La Fouly,235
Pension en Plein Air,Hôtel Edelweiss,235
Pension en Plein Air,Auberge des Glaciers,235
Pension en Plein Air,Maya-Joie,240
Pension en Plein Air,Chalet 'Le Dolent',240
Pension en Plein Air,Gîte La Léchère,265
Pension en Plein Air,Hotel du Col de Fenêtre,280
Pension en Plein Air,Gîte Alpage de La Peule,370
Pension en Plein Air,Hotel Chalet Val Ferret,560
Pension en Plein Air,Hôtel Lavachey,720
Pension en Plein Air,Rifugio G. Bertone,790
Auberge Gîte Bon Abri,Chalet La Grange,5
Auberge Gîte Bon Abri,Relais d'Arpette,60
Auberge Gîte Bon Abri,Hôtel du Col de la Forclaz,250
Auberge Gîte Bon Abri,Refuge Le Peuty,280
Auberge Gîte Bon Abri,La Grande Ourse,285
Auberge Gîte Bon Abri,Auberge Mont-Blanc,285
Auberge Gîte Bon Abri,Gîte d'Alpage Les Ecuries de Charamillon,465
Auberge Gîte Bon Abri,Gîte Le Moulin,535
Auberge Gîte Bon Abri,Auberge la Boërne,545
Auberge Gîte Bon Abri,Gîte Mermoud,560
Auberge Gîte Bon Abri,Pension en Plein Air,15
Auberge Gîte Bon Abri,Gîte de La Fouly,250
Auberge Gîte Bon Abri,Hôtel Edelweiss,250
Auberge Gîte Bon Abri,Auberge des Glaciers,250
Auberge Gîte Bon Abri,Maya-Joie,255
Auberge Gîte Bon Abri,Chalet 'Le Dolent',255
Auberge Gîte Bon Abri,Gîte La Léchère,280
Auberge Gîte Bon Abri,Hotel du Col de Fenêtre,295
Auberge Gîte Bon Abri,Gîte Alpage de La Peule,385
Auberge Gîte Bon Abri,Hotel Chalet Val Ferret,575
Auberge Gîte Bon Abri,Hôtel Lavachey,735
Auberge Gîte Bon Abri,Rifugio G. Bertone,805
Chalet La Grange,Relais d'Arpette,60
Chalet La Grange,Hôtel du Col de la Forclaz,250
Chalet La Grange,Refuge Le Peuty,280
Chalet La Grange,La Grande Ourse,285
Chalet La Grange,Auberge Mont-Blanc,285
Chalet La Grange,Gîte d'Alpage Les Ecuries de Charamillon,465
Chalet La Grange,Gîte Le Moulin,535
Chalet La Grange,Auberge la Boërne,545
Chalet La Grange,Gîte Mermoud,560
Chalet La Grange,Auberge Gîte Bon Abri,5
Chalet La Grange,Pension en Plein Air,15
Chalet La Grange,Auberge des Glaciers,250
Chalet La Grange,Gîte de La Fouly,250
Chalet La Grange,Hôtel Edelweiss,250
Chalet La Grange,Chalet 'Le Dolent',255
Chalet La Grange,Maya-Joie,255
Chalet La Grange,Gîte La Léchère,280
Chalet La Grange,Hotel du Col de Fenêtre,295
Chalet La Grange,Gîte Alpage de La Peule,385
Chalet La Grange,Hotel Chalet Val Ferret,575
Chalet La Grange,Hôtel Lavachey,735
Chalet La Grange,Rifugio G. Bertone,805
Relais d'Arpette,Refuge Le Peuty,310
Relais d'Arpette,Hôtel du Col de la Forclaz,320
Relais d'Arpette,La Grande Ourse,325
Relais d'Arpette,Auberge Mont-Blanc,325
Relais d'Arpette,Gîte d'Alpage Les Ecuries de Charamillon,495
Relais d'Arpette,Gîte Le Moulin,565
Relais d'Arpette,Auberge la Boërne,575
Relais d'Arpette,Gîte Mermoud,600
Relais d'Arpette,Pension en Plein Air,25
Relais d'Arpette,Chalet La Grange,50
Relais d'Arpette,Auberge Gîte Bon Abri,50
Relais d'Arpette,Gîte de La Fouly,260
Relais d'Arpette,Hôtel Edelweiss,260
Relais d'Arpette,Auberge des Glaciers,260
Relais d'Arpette,Maya-Joie,265
Relais d'Arpette,Chalet 'Le Dolent',265
Relais d'Arpette,Gîte La Léchère,290
Relais d'Arpette,Hotel du Col de Fenêtre,305
Relais d'Arpette,Gîte Alpage de La Peule,395
Relais d'Arpette,Hotel Chalet Val Ferret,585
Relais d'Arpette,Hôtel Lavachey,745
Relais d'Arpette,Rifugio G. Bertone,795
Hôtel du Col de la Forclaz,Refuge Le Peuty,30
Hôtel du Col de la Forclaz,La Grande Ourse,35
Hôtel du Col de la Forclaz,Auberge Mont-Blanc,35
Hôtel du Col de la Forclaz,Gîte d'Alpage Les Ecuries de Charamillon,230
Hôtel du Col de la Forclaz,Gîte Le Moulin,285
Hôtel du Col de la Forclaz,Auberge la Boërne,295
Hôtel du Col de la Forclaz,Gîte Mermoud,310
Hôtel du Col de la Forclaz,Chalet La Grange,205
Hôtel du Col de la Forclaz,Auberge Gîte Bon Abri,205
Hôtel du Col de la Forclaz,Pension en Plein Air,245
Hôtel du Col de la Forclaz,Relais d'Arpette,270
Hôtel du Col de la Forclaz,Gîte de La Fouly,480
Hôtel du Col de la Forclaz,Auberge des Glaciers,480
Hôtel du Col de la Forclaz,Hôtel Edelweiss,480
Hôtel du Col de la Forclaz,Maya-Joie,485
Hôtel du Col de la Forclaz,Chalet 'Le Dolent',485
Hôtel du Col de la Forclaz,Gîte La Léchère,510
Hôtel du Col de la Forclaz,Hotel du Col de Fenêtre,525
Hôtel du Col de la Forclaz,Gîte Alpage de La Peule,615
Hôtel du Col de la Forclaz,Hotel Chalet Val Ferret,805
Auberge Mont-Blanc,La Grande Ourse,5
Auberge Mont-Blanc,Gîte d'Alpage Les Ecuries de Charamillon,200
Auberge Mont-Blanc,Gîte Le Moulin,275
Auberge Mont-Blanc,Gîte Mermoud,275
Auberge Mont-Blanc,Auberge la Boërne,285
Auberge Mont-Blanc,Refuge Le Peuty,20
Auberge Mont-Blanc,Hôtel du Col de la Forclaz,55
Auberge Mont-Blanc,Chalet La Grange,260
Auberge Mont-Blanc,Auberge Gîte Bon Abri,260
Auberge Mont-Blanc,Pension en Plein Air,300
Auberge Mont-Blanc,Relais d'Arpette,325
Auberge Mont-Blanc,Gîte de La Fouly,535
Auberge Mont-Blanc,Hôtel Edelweiss,535
Auberge Mont-Blanc,Auberge des Glaciers,535
Auberge Mont-Blanc,Maya-Joie,540
Auberge Mont-Blanc,Chalet 'Le Dolent',540
Auberge Mont-Blanc,Gîte La Léchère,565
Auberge Mont-Blanc,Hotel du Col de Fenêtre,580
Auberge Mont-Blanc,Gîte Alpage de La Peule,670
Auberge Mont-Blanc,Hotel Chalet Val Ferret,860
La Grande Ourse,Gîte d'Alpage Les Ecuries de Charamillon,200
La Grande Ourse,Gîte Le Moulin,275
La Grande Ourse,Gîte Mermoud,275
La Grande Ourse,Auberge la Boërne,285
La Grande Ourse,Auberge Mont-Blanc,5
La Grande Ourse,Refuge Le Peuty,20
La Grande Ourse,Hôtel du Col de la Forclaz,55
La Grande Ourse,Auberge Gîte Bon Abri,260
La Grande Ourse,Chalet La Grange,260
La Grande Ourse,Pension en Plein Air,300
La Grande Ourse,Relais d'Arpette,325
La Grande Ourse,Gîte de La Fouly,535
La Grande Ourse,Auberge des Glaciers,535
La Grande Ourse,Hôtel Edelweiss,535
La Grande Ourse,Maya-Joie,540
La Grande Ourse,Chalet 'Le Dolent',540
La Grande Ourse,Gîte La Léchère,565
La Grande Ourse,Hotel du Col de Fenêtre,580
La Grande Ourse,Gîte Alpage de La Peule,670
La Grande Ourse,Hotel Chalet Val Ferret,860
Refuge Le Peuty,La Grande Ourse,15
Refuge Le Peuty,Auberge Mont-Blanc,15
Refuge Le Peuty,Gîte d'Alpage Les Ecuries de Charamillon,185
Refuge Le Peuty,Gîte Le Moulin,255
Refuge Le Peuty,Auberge la Boërne,265
Refuge Le Peuty,Gîte Mermoud,280
Refuge Le Peuty,Hôtel du Col de la Forclaz,40
Refuge Le Peuty,Chalet La Grange,245
Refuge Le Peuty,Auberge Gîte Bon Abri,245
Refuge Le Peuty,Pension en Plein Air,285
Refuge Le Peuty,Relais d'Arpette,310
Refuge Le Peuty,Gîte de La Fouly,520
Refuge Le Peuty,Auberge des Glaciers,520
Refuge Le Peuty,Hôtel Edelweiss,520
Refuge Le Peuty,Maya-Joie,525
Refuge Le Peuty,Chalet 'Le Dolent',525
Refuge Le Peuty,Gîte La Léchère,550
Refuge Le Peuty,Hotel du Col de Fenêtre,565
Refuge Le Peuty,Gîte Alpage de La Peule,655
Refuge Le Peuty,Hotel Chalet Val Ferret,845
